4152278	2384847	1767431	1392507	326212	300389	25823	48712
316510	147312	169198	135329	29992	25827	4165	3877
321569	180143	141426	113529	24805	21013	3792	3092
318972	181073	137899	107047	25417	21750	3667	5435
307827	99951	207876	163514	36368	37775	-1407	7994
300019	84070	215949	171014	37077	46493	-9416	7858
299207	118541	180666	141841	33222	33649	-427	5603
344235	176204	168031	130590	33051	28305	4746	4390
351249	212118	139131	108912	26860	24147	2713	3359
316180	211744	104436	82241	19922	16797	3125	2273
281198	199354	81844	63088	17103	13565	3538	1653
224863	168821	56042	42514	12697	8420	4277	831
190421	146181	44240	33594	9933	5914	4019	713
169396	136025	33371	26032	6899	4593	2306	440
150672	122971	27701	22480	4813	3457	1356	408
116924	94685	22239	18638	3260	3324	-64	341
77002	59408	17594	14894	2487	2496	-9	213
66034	46246	19788	17250	2306	2864	-558	232
579740	267958	311782	203656	95562	126060	-30498	12564
53917	21029	32888	21928	9738	12114	-2376	1222
56962	28868	28094	18879	7996	10595	-2599	1219
49128	24784	24344	16505	6619	11135	-4516	1220
40177	9277	30900	17401	12374	14249	-1875	1125
42897	6846	36051	20510	13754	14891	-1137	1787
46312	11999	34313	20771	11832	14135	-2303	1710
56125	21719	34406	22651	10283	13052	-2769	1472
59569	29416	30153	21138	7774	10874	-3100	1241
53630	31436	22194	16261	5335	7881	-2546	598
41251	25879	15372	11105	3879	6025	-2146	388
27655	18692	8963	6607	2156	4015	-1859	200
17024	11956	5068	3504	1416	3260	-1844	148
12426	9151	3275	2403	802	1777	-975	70
9554	7460	2094	1486	513	913	-400	95
6679	5038	1641	1139	473	710	-237	29
3745	2654	1091	749	305	279	26	37
2689	1754	935	619	313	155	158	3
4752724	2103907	2648817	1669415	796420	480272	316148	182982
394937	149847	245090	169732	58835	43046	15789	16523
378451	177854	200597	138433	49196	33422	15774	12968
360694	165957	194737	125153	49120	32010	17110	20464
362458	84474	277984	163216	81132	48712	32420	33636
372398	68016	304382	185270	89088	62990	26098	30024
367579	99426	268153	173485	74887	54163	20724	19781
399367	153399	245968	161711	69362	48323	21039	14895
383674	179119	204555	135634	58127	37891	20236	10794
332972	176208	156764	102693	46702	27610	19092	7369
293713	162731	130982	81869	44550	21683	22867	4563
236416	132352	104064	59002	41313	15609	25704	3749
202458	116885	85573	43980	38627	12573	26054	2966
190441	116697	73744	35979	35544	10452	25092	2221
175236	118012	57224	30815	24982	9703	15279	1427
143329	100645	42684	25004	16893	8634	8259	787
90696	61604	29092	18745	9908	6766	3142	439
67905	40681	27224	18694	8154	6685	1469	376
2492205	1327374	1164831	879074	252100	209984	42116	33657
188092	76398	111694	85678	23329	18574	4755	2687
192450	95525	96925	73939	20774	15355	5419	2212
195853	100338	95515	71717	19730	16285	3445	4068
184610	50309	134301	103111	25183	26084	-901	6007
174900	43181	131719	101502	25293	27578	-2285	4924
173862	62023	111839	84432	23808	20911	2897	3599
203135	95480	107655	81504	23227	19451	3776	2924
200513	112862	87651	65948	19662	15427	4235	2041
183029	115402	67627	51049	15074	11981	3093	1504
165611	110244	55367	40493	13834	9275	4559	1040
138501	96179	42322	30169	11591	6744	4847	562
116920	84870	32050	20988	10593	4813	5780	469
106356	79902	26454	17947	8217	4441	3776	290
93363	73270	20093	15329	4504	3898	606	260
77370	60688	16682	13308	3136	3489	-353	238
51888	39164	12724	10371	2006	2789	-783	347
45752	31539	14213	11589	2139	2889	-750	485
31416629	15757539	15659090	12802468	1448964	2204500	-755536	1407658
2747129	1213524	1533605	1333273	98912	210518	-111606	101420
2593337	1349565	1243772	1074653	76223	161720	-85497	92896
2405498	1221204	1184294	939247	87518	154812	-67294	157529
2371765	738714	1633051	1196698	193129	232029	-38900	243224
2500240	604781	1895459	1419610	247474	270889	-23415	228375
2668528	830566	1837962	1484476	189985	254248	-64263	163501
2895277	1217823	1677454	1403724	149797	237928	-88131	123933
2747791	1434391	1313400	1120597	105467	182545	-77078	87336
2344636	1399273	945363	809756	76332	128060	-51728	59275
1968202	1278353	689849	589122	58825	103111	-44286	41902
1445026	983123	461903	391847	40956	78836	-37880	29100
1142406	804948	337458	281576	29789	61076	-31287	26093
986280	724890	261390	216048	24691	45412	-20721	20651
911446	697819	213627	177237	22084	30053	-7969	14306
776006	602904	173102	145066	18919	22707	-3788	9117
497327	373289	124038	105191	14142	15737	-1595	4705
415735	282372	133363	114347	14721	14819	-98	4295
4006285	1768678	2237607	1459072	643820	481187	162633	134715
309081	113542	195539	130680	53910	40007	13903	10949
311835	148395	163440	111001	43196	32254	10942	9243
303568	141483	162085	105277	42369	34920	7449	14439
305169	56474	248695	143320	81894	51928	29966	23481
331812	41750	290062	165756	100848	66568	34280	23458
332643	71513	261130	165393	79338	57073	22265	16399
370396	133056	237340	158013	67256	49528	17728	12071
375006	179045	195961	136013	51370	39042	12328	8578
336822	190236	146586	103771	37186	30912	6274	5629
276185	168100	108085	75930	28378	24114	4264	3777
194850	126086	68764	48016	18371	16658	1713	2377
143136	98408	44728	31318	11600	12073	-473	1810
121465	89183	32282	22513	8636	9269	-633	1133
106030	80506	25524	18990	5957	6419	-462	577
85037	63387	21650	16088	5224	5118	106	338
56088	39438	16650	12236	4186	3010	1176	228
47162	28076	19086	14757	4101	2294	1807	228
3184514	1852990	1331524	966896	260823	325433	-64610	103805
244185	121205	122980	92398	21867	22080	-213	8715
244079	144287	99792	75340	16065	17705	-1640	8387
213211	125910	87301	59107	17719	25034	-7315	10475
187422	69156	118266	72241	30725	46530	-15805	15300
200282	48423	151859	101532	35316	39464	-4148	15011
248555	81599	166956	119459	35131	35208	-77	12366
293701	137272	156429	115231	30439	31408	-969	10759
295823	174513	121310	91849	21602	23315	-1713	7859
253191	171716	81475	62095	14345	16968	-2623	5035
226448	166425	60023	46465	10339	16316	-5977	3219
176720	135380	41340	32923	6400	13998	-7598	2017
131610	103709	27901	22170	4184	11223	-7039	1547
117054	94368	22686	17894	3647	9837	-6190	1145
114828	95382	19446	15537	3122	6110	-2988	787
99323	81338	17985	14740	2837	4167	-1330	408
74619	58225	16394	12820	3304	2957	347	270
63463	44082	19381	15095	3781	3113	668	505
732378	409776	322602	203833	101461	84078	17383	17308
56014	26954	29060	20326	7627	6565	1062	1107
55703	32381	23322	16215	6051	5378	673	1056
54526	30384	24142	14328	8216	8141	75	1598
51477	16724	34753	19141	12877	11107	1770	2735
50600	12426	38174	23437	11654	10948	706	3083
57335	20288	37047	24396	10344	9446	898	2307
65187	31699	33488	21844	9632	8365	1267	2012
64376	37339	27037	18108	7686	6572	1114	1243
54802	36311	18491	11978	5777	4212	1565	736
48977	34088	14889	9295	5077	3255	1822	517
39628	28748	10880	6270	4340	2535	1805	270
32083	23445	8638	4431	3912	1965	1947	295
29915	23282	6633	3175	3244	1650	1594	214
26818	21552	5266	3353	1883	1336	547	30
21393	17035	4358	2922	1381	1044	337	55
13146	10111	3035	2185	828	849	-21	22
10398	7009	3389	2429	932	710	222	28
15043603	7352091	7691512	5178134	1860772	1253749	607023	652606
1035889	420236	615653	440637	126848	100585	26263	48168
1060724	511717	549007	391090	109483	85612	23871	48434
996231	477207	519024	353668	101942	81891	20051	63414
926114	254272	671842	443127	145388	124138	21250	83327
985848	211420	774428	512091	175495	148163	27332	86842
1077820	316369	761451	521484	165563	137315	28248	74404
1288967	516243	772724	540501	163852	131192	32660	68371
1249045	612112	636933	447314	140568	101573	38995	49051
1091453	599768	491685	344092	110997	72354	38643	36596
971289	562053	409236	273102	109413	57440	51973	26721
819416	486089	333327	203104	110804	43072	67732	19419
734670	441638	293032	163433	113611	33046	80565	15988
730190	466532	263658	141708	109834	29090	80744	12116
728067	511786	216281	130858	76753	29486	47267	8670
613559	452270	161289	107845	48230	28814	19416	5214
408156	297391	110765	79597	28040	24858	3182	3128
326165	214988	111177	84483	23951	25120	-1169	2743
7594476	3735653	3858823	2649844	965558	624853	340705	243421
615493	251316	364177	256851	89061	57692	31369	18265
612358	302985	309373	221519	72453	44695	27758	15401
587737	292421	295316	198143	69800	42966	26834	27373
592923	163711	429212	273629	111823	66948	44875	43760
636267	135727	500540	313394	144508	86877	57631	42638
653428	198509	454919	305785	118257	79764	38493	30877
713850	305989	407861	281608	102751	69376	33375	23502
664593	348756	315837	223200	77235	51909	25326	15402
574260	345268	228992	166467	52877	35117	17760	9648
498089	326715	171374	125305	40375	28423	11952	5694
371884	259932	111952	81663	26197	18933	7264	4092
285688	209256	76432	56305	17777	13635	4142	2350
237928	181927	56001	41444	12959	9104	3855	1598
204365	160905	43460	32782	9477	6742	2735	1201
155131	119381	35750	27120	7985	5108	2877	645
103903	76261	27642	21048	6076	3821	2255	518
86579	56594	29985	23581	5947	3743	2204	457
1134351	643806	490545	318634	125160	201293	-76133	46751
85160	40969	44191	30397	10048	19592	-9544	3746
83316	47479	35837	25370	7246	14874	-7628	3221
80163	45400	34763	23135	7599	14170	-6571	4029
83235	30351	52884	25278	21502	20988	514	6104
82776	25924	56852	31519	19037	30412	-11375	6296
85309	31825	53484	33481	14203	27875	-13672	5800
97227	44498	52729	34793	13281	23188	-9907	4655
99117	56247	42870	30417	8744	17792	-9048	3709
91312	57905	33407	24321	6289	10552	-4263	2797
79628	54867	24761	17639	5321	7548	-2227	1801
59719	43652	16067	11307	3484	4756	-1272	1276
46248	34619	11629	7795	2687	2875	-188	1147
43337	34387	8950	6122	1945	2413	-468	883
42869	35532	7337	5207	1511	1651	-140	619
35065	29009	6056	4747	971	1154	-183	338
22306	17947	4359	3360	810	736	74	189
17564	13195	4369	3746	482	717	-235	141
1196793	593848	602945	399050	182929	149082	33847	20966
100362	40645	59717	39786	18003	13274	4729	1928
104807	55084	49723	33258	14978	10832	4146	1487
109486	54853	54633	36114	15870	13341	2529	2649
94633	18751	75882	50734	21543	25593	-4050	3605
85032	13868	71164	46133	21682	19708	1974	3349
83671	24127	59544	38631	18481	13705	4776	2432
96020	41258	54762	35501	17309	12376	4933	1952
99691	54185	45506	30461	13671	10899	2772	1374
92592	57225	35367	24141	10462	7929	2533	764
77403	51394	26009	17192	8287	5511	2776	530
59388	40426	18962	12111	6623	4416	2207	228
47763	33657	14106	9073	4802	3075	1727	231
39983	29679	10304	6382	3735	2476	1259	187
36201	28030	8171	5642	2471	2015	456	58
30290	23567	6723	4567	2078	1679	399	78
21485	15740	5745	4133	1530	1110	420	82
17986	11359	6627	5191	1404	1143	261	32
11547505	6558427	4989078	3970125	665122	1007738	-342616	353831
932990	462100	470890	390666	55564	81660	-26096	24660
906678	538329	368349	304699	41077	66126	-25049	22573
881523	515664	365859	282960	45155	74947	-29792	37744
852643	297848	554795	404219	86523	125824	-39301	64053
886736	223254	663482	484543	117528	122195	-4667	61411
912104	314033	598071	470260	85721	115379	-29658	42090
1013668	497221	516447	418232	67969	98136	-30167	30246
1002647	604571	398076	325212	50551	78128	-27577	22313
878415	590967	287448	236790	34383	55210	-20827	16275
745226	536653	208573	173140	25192	47156	-21964	10241
572206	434175	138031	115752	15483	37833	-22350	6796
463740	360007	103733	88408	9682	31731	-22049	5643
396907	316860	80047	69073	7071	26688	-19617	3903
378641	308328	70313	60922	6669	16552	-9883	2722
317817	258381	59436	52358	5684	11982	-6298	1394
218574	169444	49130	42875	5329	9078	-3749	926
186990	130592	56398	50016	5541	9113	-3572	841
5657818	3110861	2546957	2020411	451397	429772	21625	75149
442458	195792	246666	198242	43032	34498	8534	5392
444320	246183	198137	159076	35047	27993	7054	4014
447929	246635	201294	154418	38795	28174	10621	8081
429833	113386	316447	242857	58460	55591	2869	15130
407027	86129	320898	250855	56494	63889	-7395	13549
419840	146169	273671	213859	50544	46181	4363	9268
480943	236033	244910	194139	44648	39121	5527	6123
488218	290450	197768	157560	35590	30786	4804	4618
438983	294152	144831	117137	24811	23758	1053	2883
376387	268596	107791	87260	18546	19876	-1330	1985
294112	220719	73393	59241	12632	16465	-3833	1520
234883	181941	52942	43510	8538	12865	-4327	894
204516	163792	40724	33877	6322	10684	-4362	525
193221	156625	36596	31106	5035	7229	-2194	455
158107	125576	32531	27583	4688	5102	-414	260
105888	78349	27539	23461	3906	3278	628	172
91153	60334	30819	26230	4309	4282	27	280
2738499	1558455	1180044	927043	214841	247853	-33012	38160
202811	95246	107565	83713	20837	18821	2016	3015
210825	123999	86826	67811	16388	15010	1378	2627
222520	125666	96854	74112	18278	16079	2199	4464
206487	43501	162986	125801	30015	39182	-9167	7170
176927	31933	144994	110439	27746	42355	-14609	6809
184335	63200	121135	93098	23697	27718	-4021	4340
220184	110766	109418	84707	21612	21343	269	3099
227797	141281	86516	68279	16206	15700	506	2031
213715	148069	65646	52621	11303	12950	-1647	1722
179495	131151	48344	38850	8498	10272	-1774	996
138648	108249	30399	24530	5348	6891	-1543	521
118378	93952	24426	19966	4070	5762	-1692	390
107283	87454	19829	16719	2833	4771	-1938	277
105664	87510	18154	15671	2240	3762	-1522	243
91372	73774	17598	15731	1738	2666	-928	129
67471	51208	16263	14376	1719	2299	-580	168
64587	41496	23091	20619	2313	2272	41	159
2500360	1310009	1190351	862102	276786	284578	-7792	51463
196098	82202	113896	82500	27038	26222	816	4358
203606	109215	94391	69446	21539	21496	43	3406
207510	108590	98920	72103	21142	20292	850	5675
191939	38128	153811	109311	34838	34571	267	9662
171649	29058	142591	97320	35904	42444	-6540	9367
174091	52950	121141	83423	31736	32564	-828	5982
210455	95721	114734	81269	29045	27397	1648	4420
215768	123064	92704	67386	22009	22607	-598	3309
194165	123679	70486	52489	16063	15699	364	1934
159768	110527	49241	37005	11157	11788	-631	1079
121847	88901	32946	25054	7284	8155	-871	608
97783	74807	22976	17732	4674	6551	-1877	570
90340	72362	17978	14046	3622	4813	-1191	310
86232	69812	16420	13440	2743	3151	-408	237
75901	60275	15626	12599	2816	2421	395	211
52658	38952	13706	11068	2519	2184	335	119
50550	31766	18784	15911	2657	2223	434	216
3776230	2112135	1664095	1299535	318579	284452	34127	45981
278885	121445	157440	123672	30434	24094	6340	3334
280178	152673	127505	101349	23219	20291	2928	2937
284604	157327	127277	99342	23715	20195	3520	4220
286166	85783	200383	153521	39498	33879	5619	7364
280225	69630	210595	161085	41740	41302	438	7770
285787	104935	180852	138157	36538	33847	2691	6157
323402	162076	161326	124578	31598	28908	2690	5150
324370	194712	129658	102152	24386	21359	3027	3120
294589	198285	96304	76751	17522	16335	1187	2031
261477	185308	76169	59481	15494	12498	2996	1194
205154	152775	52379	40146	11203	8287	2916	1030
167725	130342	37383	29500	7450	6278	1172	433
146288	117792	28496	22713	5433	5270	163	350
129249	105625	23624	19816	3481	3391	90	327
104564	83380	21184	18082	2852	3131	-279	250
67003	51518	15485	13271	2017	2492	-475	197
56564	38529	18035	15919	1999	2895	-896	117
4153367	2452282	1701085	1405539	253520	329279	-75759	42026
335915	167468	168447	141994	23006	28963	-5957	3447
351072	208959	142113	120993	18027	24309	-6282	3093
360945	215702	145243	121521	19788	24082	-4294	3934
329967	119337	210630	170645	33409	41214	-7805	6576
291836	87228	204608	163820	34346	49561	-15215	6442
300174	122996	177178	143996	28608	39187	-10579	4574
352903	188145	164758	134388	26281	33901	-7620	4089
352549	220003	132546	109425	20012	26201	-6189	3109
317529	217702	99827	82550	14997	19257	-4260	2280
265425	192554	72871	60399	11141	13250	-2109	1331
206420	158134	48286	40155	7249	8793	-1544	882
170535	135438	35097	29487	4979	6412	-1433	631
149490	122866	26624	22533	3704	4458	-754	387
136399	114001	22398	19564	2457	3168	-711	377
105998	87049	18949	16686	1974	2544	-570	289
68513	54029	14484	12386	1775	1898	-123	323
57697	40671	17026	14997	1767	2081	-314	262
1204164	717407	486757	368245	107999	104359	3640	10513
82565	42248	40317	30940	8469	6253	2216	908
92776	57285	35491	27812	7119	6083	1036	560
88275	53019	35256	26394	7677	8969	-1292	1185
70655	19581	51074	38334	11303	19234	-7931	1437
71465	16176	55289	41462	12432	14232	-1800	1395
85150	32318	52832	39507	12025	9330	2695	1300
104198	54903	49295	37583	10673	8206	2467	1039
109547	69830	39717	30555	8448	7173	1275	714
102098	70543	31555	24363	6507	5658	849	685
90548	65671	24877	18786	5596	5021	575	495
67457	50179	17278	12448	4562	3570	992	268
55788	42602	13186	9142	3841	2933	908	203
50492	40009	10483	7354	3024	2877	147	105
46521	37833	8688	6670	1963	1915	48	55
38120	30378	7742	6105	1589	1206	383	48
25572	19257	6315	4996	1279	913	366	40
22937	15575	7362	5794	1492	786	706	76
4945043	2752061	2192982	1550523	495152	514875	-19723	147307
389935	185760	204175	150922	41500	41191	309	11753
395472	220288	175184	131048	32493	32667	-174	11643
351528	198651	152877	107220	31327	38607	-7280	14330
312513	107682	204831	127918	57966	59125	-1159	18947
340235	79344	260891	164243	74933	60750	14183	21715
404016	133037	270979	186233	66647	61994	4653	18099
471534	219022	252512	180322	55742	57563	-1821	16448
458722	262085	196637	143569	41471	42167	-696	11597
400995	264178	136817	101972	27140	29978	-2838	7705
352813	253914	98899	73708	20014	24811	-4797	5177
266528	202657	63871	48659	11966	20732	-8766	3246
202748	158340	44408	34139	7974	14923	-6949	2295
168000	134957	33043	25677	5757	11304	-5547	1609
154605	125365	29240	22794	5227	7558	-2331	1219
128120	101408	26712	21058	4972	4857	115	682
82135	61766	20369	15108	4829	3368	1461	432
65144	43607	21537	15933	5194	3280	1914	410
5954249	3481597	2472652	1820081	446849	501557	-54708	205722
431318	234122	197196	156212	26859	31502	-4643	14125
431562	271079	160483	126263	20201	24032	-3831	14019
411955	243296	168659	111298	39243	31362	7881	18118
406139	143036	263103	147854	81895	66145	15750	33354
429138	106346	322792	210475	76317	80885	-4568	36000
491182	164969	326213	241797	56216	65185	-8969	28200
545311	264260	281051	218089	43124	51700	-8576	19838
530675	324679	205996	163129	29348	35401	-6053	13519
464700	324423	140277	112839	19130	25668	-6538	8308
408374	302320	106054	84618	15581	21498	-5917	5855
307886	236360	71526	57287	9987	17412	-7425	4252
236408	183842	52566	42618	6598	13983	-7385	3350
217275	174220	43055	35131	5528	12587	-7059	2396
213152	175171	37981	31462	4741	8696	-3955	1778
183673	150397	33276	27677	4377	6086	-1709	1222
131859	103689	28170	23863	3689	4599	-910	618
113642	79388	34254	29469	4015	4816	-801	770
9268782	5307228	3961554	3334254	467638	559568	-91930	159662
746022	353243	392779	332885	46103	41057	5046	13791
747157	437127	310030	263964	35223	35316	-93	10843
711934	423810	288124	241361	32585	36697	-4112	14178
647728	213107	434621	364530	47841	74633	-26792	22250
652525	155593	496932	404462	64852	79058	-14206	27618
703944	245328	458616	377991	59039	58174	865	21586
799194	397558	401636	335483	50112	48573	1539	16041
813300	498190	315110	266515	37510	38315	-805	11085
738388	504397	233991	200777	26238	28834	-2596	6976
627629	454524	173105	148515	19647	26616	-6969	4943
484677	365036	119641	102953	13384	23501	-10117	3304
377052	291723	85329	73961	8877	20618	-11741	2491
330784	266573	64211	55855	6807	16673	-9866	1549
315758	261664	54094	47351	5584	12415	-6831	1159
259168	210296	48872	42964	5199	8122	-2923	709
172625	132698	39927	35315	4053	5515	-1462	559
140897	96361	44536	39372	4584	5451	-867	580
4591491	2617599	1973892	1534137	355250	326081	29169	84505
358689	182744	175945	136432	32441	23278	9163	7072
375047	233427	141620	111050	24750	19464	5286	5820
369222	227143	142079	107024	26277	25499	778	8778
324188	83587	240601	177369	49195	53767	-4572	14037
318179	55438	262741	191546	56768	43768	13000	14427
352853	114023	238830	182664	44907	34150	10757	11259
416907	212282	204625	161003	35655	30388	5267	7967
414403	262566	151837	120276	26447	23299	3148	5114
365045	260313	104732	83723	17726	17461	265	3283
299837	222368	77469	62425	12959	14434	-1475	2085
225799	174080	51719	42668	7798	10799	-3001	1253
177907	139044	38863	32278	5404	8714	-3310	1181
153447	123258	30189	25675	3706	7657	-3951	808
143391	115539	27852	24591	2861	5017	-2156	400
122173	94688	27485	24434	2722	3828	-1106	329
88922	64899	24023	21212	2488	2208	280	323
85482	52200	33282	29767	3146	2350	796	369
2641453	1544846	1096607	844550	226788	199858	26930	25269
218350	105634	112716	88955	21638	18551	3087	2123
219488	126936	92552	73630	17573	15263	2310	1349
228703	134670	94033	72830	18610	14259	4351	2593
217395	80501	136894	106081	26431	27058	-627	4382
189837	60828	129009	100453	24846	31279	-6433	3710
185465	78235	107230	81733	22574	23105	-531	2923
218017	116114	101903	76464	22992	19262	3730	2447
217046	134707	82339	62661	17803	14180	3623	1875
192028	129058	62970	48124	13700	9678	4022	1146
166251	118394	47857	35416	11743	7598	4145	698
131603	98206	33397	24478	8406	5091	3315	513
112982	87608	25374	18039	7035	3530	3505	300
99788	79745	20043	14558	5165	2915	2250	320
88722	72511	16211	12711	3292	2155	1137	208
66960	54695	12265	9977	2024	2253	-229	264
45722	36416	9306	7637	1514	1569	-55	155
43096	30588	12508	10803	1442	2112	-670	263
5226022	2803368	2422654	1881922	473369	427316	46053	67363
398273	171881	226392	179406	41586	34576	7010	5400
413358	219944	193414	153308	35299	28520	6779	4807
407014	218789	188225	145095	36273	31430	4843	6857
372471	98606	273865	206991	56484	55075	1409	10390
361977	73816	288161	214484	62184	59102	3082	11493
373351	123871	249480	189293	51877	47089	4788	8310
448382	211174	237208	184734	46249	41357	4892	6225
448738	254548	194190	152841	36938	33297	3641	4411
396495	253865	142630	111895	27736	24784	2952	2999
343777	234872	108905	84649	22210	20430	1780	2046
278923	200559	78364	60320	16687	14305	2382	1357
227225	169649	57576	44739	11949	9967	1982	888
206902	160164	46738	37339	8674	8027	647	725
189141	149450	39691	33072	6047	6108	-61	572
156720	122626	34094	28669	5109	4739	370	316
106151	77406	28745	24539	3949	3780	169	257
97124	62148	34976	30548	4118	4730	-612	310
847362	453995	393367	274953	111530	116696	-5166	6884
61992	27474	34518	24686	9351	8821	530	481
69455	37543	31912	22903	8516	8019	497	493
70116	38090	32026	22532	8673	10309	-1636	821
59178	12095	47083	32507	13600	19080	-5480	976
50627	9010	41617	28200	12433	17167	-4734	984
51841	16050	35791	24305	10769	11409	-640	717
67224	30434	36790	25379	10677	9246	1431	734
76281	43208	33073	23342	9160	8177	983	571
73317	46841	26476	18914	7257	7390	-133	305
61423	41286	20137	13735	6187	4954	1233	215
46735	32556	14179	9262	4715	3731	984	202
38242	28275	9967	6547	3281	2373	908	139
32319	25085	7234	4933	2210	1959	251	91
30395	24253	6142	4611	1468	1408	60	63
24766	19407	5359	4115	1240	1015	225	4
18228	13252	4976	4063	858	700	158	55
15223	9136	6087	4919	1135	938	197	33
1594700	872471	722229	539922	154025	169378	-15353	28282
124063	56029	68034	49966	15596	14289	1307	2472
128215	73727	54488	40351	12127	11635	492	2010
133887	74225	59662	43465	12677	12798	-121	3520
121294	24293	97001	70948	20678	22682	-2004	5375
111349	19040	92309	67075	20481	26336	-5855	4753
110489	35340	75149	54616	17363	19351	-1988	3170
131575	62743	68832	51420	15050	16116	-1066	2362
134449	81008	53441	40152	11628	12676	-1048	1661
122979	83025	39954	30379	8445	8902	-457	1130
102454	73647	28807	21732	6480	7685	-1205	595
77705	58358	19347	14825	4055	4597	-542	467
63882	50263	13619	10643	2665	3642	-977	311
59759	48841	10918	8739	2024	2931	-907	155
56441	46229	10212	8711	1412	1982	-570	89
48277	39034	9243	8077	1110	1430	-320	56
34372	25571	8801	7627	1117	1069	48	57
33510	21098	12412	11196	1117	1257	-140	99
1853720	692787	1160933	619598	466123	232189	233934	75212
150484	46919	103565	59635	38161	20183	17978	5769
139656	53199	86457	49775	31216	16312	14904	5466
123577	47550	76027	41268	26801	16237	10564	7958
129827	24104	105723	50441	41199	22859	18340	14083
146857	22135	124722	62673	51014	23844	27170	11035
158889	35705	123184	67154	47950	25191	22759	8080
169360	54692	114668	64016	44304	24324	19980	6348
159319	61600	97719	55480	37292	18867	18425	4947
141195	61526	79669	44913	31215	14490	16725	3541
127193	59063	68130	36299	29111	12576	16535	2720
103902	50953	52949	25860	25286	9690	15596	1803
84964	43123	41841	19641	20717	7948	12769	1483
70946	40690	30256	13625	15680	6801	8879	951
61612	37785	23827	11983	11318	4837	6481	526
44415	28831	15584	8140	7226	3474	3752	218
25085	15693	9392	4905	4316	2560	1756	171
16439	9219	7220	3790	3317	1996	1321	113
1160340	642397	517943	339085	162250	134347	27903	16608
88619	42861	45758	31149	13154	8593	4561	1455
93080	54724	38356	26440	10697	7402	3295	1219
85811	50466	35345	22199	11660	10547	1113	1486
68843	20412	48431	29079	17446	20596	-3150	1906
71460	13267	58193	36082	19320	17375	1945	2791
88252	28192	60060	37890	20039	13204	6835	2131
109895	51605	58290	38562	18065	12530	5535	1663
111965	66244	45721	31251	13181	10093	3088	1289
98802	65099	33703	23331	9532	7851	1681	840
85588	59753	25835	17932	7293	6792	501	610
63284	45158	18126	11642	6032	4744	1288	452
46702	33631	13071	8548	4243	3752	491	280
40986	30845	10141	6343	3584	3656	-72	214
37660	29469	8191	5510	2616	2483	133	65
30176	23548	6628	4522	2032	1845	187	74
20533	14801	5732	4156	1511	1530	-19	65
18684	12322	6362	4449	1845	1354	491	68
7856268	4697484	3158784	2312441	534578	717407	-182829	311765
608534	323468	285066	218416	44257	51873	-7616	22393
592401	366870	225531	170187	33482	41773	-8291	21862
517365	326861	190504	135674	26261	56927	-30666	28569
480169	221651	258518	171664	43769	94640	-50871	43085
535958	164189	371769	247556	71971	76531	-4560	52242
639155	224089	415066	295472	78102	73541	4561	41492
737371	360567	376804	277588	68356	70738	-2382	30860
725981	438507	287474	215509	48795	53054	-4259	23170
613535	422562	190973	146015	30381	39592	-9211	14577
543606	400405	143201	111693	21412	34409	-12997	10096
418537	320252	98285	77308	14054	31462	-17408	6923
330621	254009	76612	59729	11333	26989	-15656	5550
292910	227900	65010	49783	10747	23377	-12630	4480
284531	228951	55580	43148	9890	15499	-5609	2542
240489	195238	45251	35488	7933	10922	-2989	1830
161704	126814	34890	27267	6501	8008	-1507	1122
133401	95151	38250	29944	7334	8072	-738	972
1689911	919717	770194	526221	205267	235212	-29945	38706
141953	67143	74810	54136	16716	22111	-5395	3958
149462	84197	65265	47151	14635	18648	-4013	3479
142348	79597	62751	45286	13755	18958	-5203	3710
121347	36288	85059	58458	21314	27906	-6592	5287
114147	29661	84486	56071	22578	28748	-6170	5837
117244	42616	74628	49964	20079	25789	-5710	4585
143521	69639	73882	50201	19821	22973	-3152	3860
145157	82187	62970	43354	17269	18960	-1691	2347
131991	82481	49510	34282	13453	14263	-810	1775
112810	73746	39064	25691	12159	10353	1806	1214
86645	59501	27144	16536	9702	7314	2388	906
70796	51054	19742	11800	7404	5307	2097	538
63107	47583	15524	9122	6053	4296	1757	349
55771	44132	11639	7725	3638	3238	400	276
43186	33704	9482	6379	2840	2731	109	263
27519	20621	6898	4904	1802	1818	-16	192
22907	15567	7340	5161	2049	1799	250	130
17749110	10961493	6787617	5340392	726477	1600725	-874248	720748
1357191	761738	595453	505034	43766	118227	-74461	46653
1336043	857264	478779	396174	33134	96089	-62955	49471
1267339	788742	478597	353674	53218	106960	-53742	71705
1246001	539494	706507	481385	118631	183708	-65077	106491
1287188	423410	863778	610511	138317	203412	-65095	114950
1440304	579889	860415	667904	99263	188255	-88992	93248
1588190	838827	749363	607882	72132	164091	-91959	69349
1540402	970326	570076	471448	48411	122676	-74265	50217
1351643	954448	397195	329786	32707	84089	-51382	34702
1203696	908137	295559	246171	24081	68771	-44690	25307
928351	731069	197282	165255	16100	60832	-44732	15927
752065	601478	150587	124703	11226	53953	-42727	14658
662970	546225	116745	98004	8348	50247	-41899	10393
622497	521677	100820	86038	7284	37106	-29822	7498
513045	429599	83446	71392	7266	24640	-17374	4788
347029	280385	66644	57981	5840	18132	-12292	2823
305156	228785	76371	67050	6753	19537	-12784	2568
7513165	3980197	3532968	2417295	919336	581453	337883	196337
562800	242736	320064	227082	78321	54320	24001	14661
556658	292510	264148	189007	62679	40062	22617	12462
531473	272625	258848	170579	66816	35338	31478	21453
579240	149078	430162	262197	129467	61757	67710	38498
596489	137359	459130	301693	122932	97263	25669	34505
606896	203272	403624	279195	100523	74795	25728	23906
663172	307554	355618	248566	89043	61734	27309	18009
643788	362271	281517	199172	70083	45817	24266	12262
574309	367942	206367	147846	51051	30013	21038	7470
507780	350170	157610	111779	40722	23323	17399	5109
397244	288546	108698	73504	32452	15906	16546	2742
323494	244105	79389	52780	24592	11392	13200	2017
286485	226110	60375	41297	18043	8977	9066	1035
252066	204806	47260	34600	11831	7430	4401	829
202134	162408	39726	30595	8632	6119	2513	499
126697	97477	29220	22614	6158	3798	2360	448
102440	71228	31212	24789	5991	3409	2582	432
603106	342460	260646	193178	60252	85459	-25207	7216
43223	20863	22360	16419	5124	7357	-2233	817
47602	29440	18162	13700	3892	5784	-1892	570
53048	30405	22643	15840	5999	5853	146	804
50648	8808	41840	26582	14106	12972	1134	1152
38809	6447	32362	23987	7341	16938	-9597	1034
37807	12765	25042	18443	5674	9801	-4127	925
47747	24582	23165	17185	5247	7432	-2185	733
50894	32609	18285	14226	3607	5727	-2120	452
47768	34200	13568	10580	2720	3826	-1106	268
37696	28251	9445	7490	1797	2609	-812	158
28620	22378	6242	4805	1369	1870	-501	68
24647	19656	4991	3955	974	1342	-368	62
23037	18694	4343	3567	730	1071	-341	46
22964	18681	4283	3709	541	824	-283	33
19012	14960	4052	3609	423	646	-223	20
14922	10927	3995	3678	288	651	-363	29
14662	8794	5868	5403	420	756	-336	45
10599968	6095656	4504312	3795077	588650	705590	-116940	120585
816215	379928	436287	371000	55868	54089	1779	9419
831032	482469	348563	298265	42117	45081	-2964	8181
804052	474755	329297	275530	43416	49656	-6240	10351
736929	223526	513403	428781	66990	92150	-25160	17632
732936	165450	567486	465385	81045	96126	-15081	21056
780825	273513	507312	420338	71351	75545	-4194	15623
891646	444185	447461	374332	60971	64726	-3755	12158
930590	569160	361430	304998	47841	51876	-4035	8591
836227	573810	262417	223224	34012	40425	-6413	5181
723958	526668	197290	168261	25092	34869	-9777	3937
554342	426615	127727	108806	16597	26842	-10245	2324
453121	359836	93285	81179	10287	22553	-12266	1819
404408	330452	73956	64632	8005	17986	-9981	1319
391832	322610	69222	61283	6939	12286	-5347	1000
325321	263500	61821	54470	6525	8842	-2317	826
214669	163472	51197	44868	5799	6199	-400	530
171865	115707	56158	49725	5795	6339	-544	638
3215719	1650318	1565401	1187740	322500	305613	16887	55161
244679	96803	147876	112576	30886	28969	1917	4414
253488	125288	128200	98163	26728	23833	2895	3309
264101	128548	135553	101567	27519	22198	5321	6467
250278	54689	195589	143652	40885	36749	4136	11052
226636	46010	180626	133470	37703	45445	-7742	9453
220393	70752	149641	111509	32355	34146	-1791	5777
263768	119895	143873	108443	30504	29111	1393	4926
269434	147135	122299	94075	24892	23024	1868	3332
240912	147703	93209	72769	18537	16753	1784	1903
210566	138983	71583	55107	15061	13335	1726	1415
172438	121171	51267	39287	10910	8631	2279	1070
143326	105526	37800	28709	8358	6331	2027	733
129874	99887	29987	23321	6302	5104	1198	364
114045	90818	23227	18776	4029	3698	331	422
93230	73323	19907	16482	3253	3247	6	172
62388	47084	15304	12982	2166	2421	-255	156
56163	36703	19460	16852	2412	2618	-206	196
3199323	1496938	1702385	1219696	399328	324663	74665	83361
235660	86549	149111	109416	32979	24852	8127	6716
241529	117011	124518	92947	26323	21209	5114	5248
239898	113147	126751	90917	26766	24837	1929	9068
231238	42550	188688	127126	45174	43010	2164	16388
233035	32187	200848	131533	55617	40576	15041	13698
236161	56075	180086	125911	44492	33364	11128	9683
258573	97245	161328	116487	38025	29067	8958	6816
273190	135193	137997	101900	31243	23809	7434	4854
273254	158966	114288	86239	24736	19871	4865	3313
234871	146110	88761	66615	19734	16396	3338	2412
171848	113062	58786	42986	14253	12096	2157	1547
132179	88686	43493	30762	11435	8365	3070	1296
112373	79999	32374	22442	9038	8048	990	894
107682	80114	27568	20757	6238	6642	-404	573
95604	70627	24977	19492	5181	5594	-413	304
65727	45992	19735	15550	3958	3543	415	227
56501	33425	23076	18616	4136	3384	752	324
11555538	7333591	4221947	3387963	668753	800049	-131296	165231
826549	451826	374723	306409	55442	55393	49	12872
867276	559575	307701	251854	44431	45959	-1528	11416
841522	536424	305098	230139	58766	56012	2754	16193
753907	291609	462298	351380	87010	116653	-29643	23908
728258	208542	519716	411228	82541	119943	-37402	25947
822603	335053	487550	391354	76271	86873	-10602	19925
959613	532668	426945	341699	69627	73436	-3809	15619
1005518	669400	336118	272180	52100	57581	-5481	11838
911652	671788	239864	196379	35814	43122	-7308	7671
789771	612055	177716	144355	28177	37280	-9103	5184
617035	493794	123241	99275	20397	27038	-6641	3569
511577	419690	91887	74369	14578	21276	-6698	2940
483416	404528	78888	64884	12105	18695	-6590	1899
490569	414972	75597	64455	9352	13856	-4504	1790
422296	348139	74157	64653	8250	10496	-2246	1254
291596	225968	65628	57733	6650	8563	-1913	1245
232380	157560	74820	65617	7242	7873	-631	1961
985184	572209	412975	290449	96980	93744	3236	25546
71870	35846	36024	27058	6770	6482	288	2196
71811	41860	29951	23013	5103	5174	-71	1835
75115	41475	33640	19513	10957	6590	4367	3170
71815	24006	47809	24228	19234	13490	5744	4347
64217	17653	46564	31397	11612	15873	-4261	3555
75081	27760	47321	34036	10626	10300	326	2659
86426	44049	42377	31197	8857	8933	-76	2323
85218	52460	32758	25114	6080	6630	-550	1564
75506	51674	23832	18225	4431	4847	-416	1176
66500	48221	18279	13624	3818	4044	-226	837
49623	37411	12212	9310	2413	2847	-434	489
39283	30011	9272	7109	1740	2447	-707	423
36078	28875	7203	5681	1276	1982	-706	246
37814	30991	6823	5448	1092	1415	-323	283
33899	27430	6469	5314	984	1152	-168	171
24252	18769	5483	4467	877	719	158	139
20676	13718	6958	5715	1110	819	291	133
3748669	2097193	1651476	1149649	442449	310244	132205	59378
286291	134653	151638	111865	35599	27926	7673	4174
293460	163754	129706	95528	30638	22080	8558	3540
290886	159472	131414	89839	35332	21669	13663	6243
282022	89895	192127	126363	54996	37062	17934	10768
274083	73923	200160	138500	52119	47623	4496	9541
279558	105851	173707	122749	43779	39002	4777	7179
322316	160320	161996	114669	41639	32594	9045	5688
315607	186824	128783	92098	32794	23330	9464	3891
288742	190539	98203	69794	25532	16139	9393	2877
258094	179695	78399	54030	22430	12106	10324	1939
206006	148814	57192	35910	20009	8358	11651	1273
165759	124238	41521	24926	15793	6326	9467	802
147390	114626	32764	19521	12719	4450	8269	524
125981	102355	23626	16088	7292	3679	3613	246
99682	80231	19451	14177	5028	3469	1559	246
63251	48033	15218	11519	3484	2285	1199	215
49541	33970	15571	12073	3266	2146	1120	232
703820	391777	312043	232370	72548	85016	-12468	7125
54325	26376	27949	20553	6731	7337	-606	665
59883	35578	24305	17879	5665	5358	307	761
61788	35072	26716	19806	6253	6852	-599	657
53465	10045	43420	31607	10765	14601	-3836	1048
44600	8789	35811	25860	8946	13935	-4989	1005
45596	15752	29844	21702	7400	8296	-896	742
57368	29199	28169	20509	6822	7426	-604	838
59059	36207	22852	17248	5092	5634	-542	512
53970	36546	17424	13208	3957	4590	-633	259
43254	30519	12735	9514	3022	3008	14	199
33244	24289	8955	6695	2176	2088	88	84
29152	22178	6974	5190	1635	1561	74	149
27438	21853	5585	4186	1306	1445	-139	93
25768	20475	5293	4414	853	944	-91	26
22372	17207	5165	4456	685	708	-23	24
16938	12055	4883	4271	599	592	7	13
15600	9637	5963	5272	641	641	0	50
5315920	2865547	2450373	1804435	567966	421652	146314	77972
395794	168891	226903	171140	50246	37694	12552	5517
397496	208451	189045	142843	41291	28881	12410	4911
389481	206790	182691	132336	42205	29054	13151	8150
388221	113036	275185	196182	65345	47189	18156	13658
404119	98398	305721	218629	73362	58754	14608	13730
407443	143664	263779	193938	60574	50897	9677	9267
458468	216991	241477	177006	56822	44641	12181	7649
454558	256659	197899	146526	46039	34214	11825	5334
414177	263878	150299	112625	34254	24759	9495	3420
371137	254501	116636	86530	27965	20503	7462	2141
292956	212790	80166	57958	20937	13530	7407	1271
239231	179196	60035	43203	15864	8973	6891	968
204818	160559	44259	32375	11394	7350	4044	490
180421	143870	36551	28952	7232	5071	2161	367
145041	114460	30581	24226	5862	4072	1790	493
92834	69929	22905	18385	4234	2933	1301	286
79725	53484	26241	21581	4340	3137	1203	320
19241518	9545367	9696151	7607342	1362849	1214609	148240	725960
1660902	699196	961706	772426	127522	114224	13298	61758
1642973	837742	805231	648499	103302	90585	12717	53430
1609455	814034	795421	613800	96126	93270	2856	85495
1537295	426804	1110491	837292	146898	146994	-96	126301
1575680	347987	1227693	916133	192892	153561	39331	118668
1557149	489325	1067824	823413	160410	142552	17858	84001
1730381	752330	978051	772322	143315	131177	12138	62414
1674199	884206	789993	633253	111289	100267	11022	45451
1422217	852090	570127	458353	81085	73874	7211	30689
1178135	761257	416878	337917	59571	52914	6657	19390
885694	611163	274531	221909	40431	36647	3784	12191
699971	506586	193385	155404	28635	25128	3507	9346
609893	464542	145351	116758	22432	18186	4246	6161
538300	422445	115855	95035	16251	12392	3859	4569
418701	325892	92809	77177	13156	9729	3427	2476
268902	198825	70077	58197	10076	6664	3412	1804
231671	150943	80728	69454	9458	6445	3013	1816
2023875	998458	1025417	718565	242189	216893	25296	64663
191983	83076	108907	81985	21894	23338	-1444	5028
192204	109005	83199	60500	18408	16164	2244	4291
213156	117726	95430	61904	26081	15912	10169	7445
228640	55888	172752	110880	48129	26127	22002	13743
177789	29177	148612	106003	29642	40972	-11330	12967
147555	43685	103870	75418	21700	26613	-4913	6752
153071	68878	84193	60298	19418	18572	846	4477
150458	86250	64208	44985	15985	13344	2641	3238
133108	86680	46428	33255	11117	9866	1251	2056
103558	70161	33397	23588	8217	7707	510	1592
79447	56253	23194	16050	6025	5251	774	1119
62375	45623	16752	11333	4676	4226	450	743
54500	41486	13014	8907	3639	3100	539	468
48282	38276	10006	7045	2577	2188	389	384
39379	31206	8173	5984	1971	1519	452	218
26879	20634	6245	4761	1388	1036	352	96
21491	14454	7037	5669	1322	958	364	46
574842	339599	235243	158102	69748	67494	2254	7393
41732	22335	19397	14061	4756	3698	1058	580
44829	29175	15654	11604	3587	3061	526	463
45573	26316	19257	11682	6893	5106	1787	682
38485	9722	28763	16150	11562	11192	370	1051
33939	7213	26726	17665	8086	10992	-2906	975
40116	14102	26014	17612	7474	6996	478	928
49973	26121	23852	16770	6294	6112	182	788
52250	32881	19369	13611	5146	4524	622	612
50195	35952	14243	10195	3614	3913	-299	434
43584	32376	11208	7776	3116	3323	-207	316
32910	25026	7884	5182	2497	2149	348	205
23961	18261	5700	3595	1987	1711	276	118
21417	16976	4441	2968	1380	1475	-95	93
19492	15882	3610	2456	1092	1227	-135	62
15622	12394	3228	2378	819	882	-63	31
10792	8261	2531	1904	619	526	93	8
9972	6606	3366	2493	826	607	219	47
6619266	3453486	3165780	2138591	821738	746008	75730	205451
496472	214545	281927	196017	69520	64670	4850	16390
499166	263116	236050	165327	56116	50454	5662	14607
476566	247167	229399	153215	57336	48367	8969	18848
480488	126019	354469	212024	114703	80063	34640	27742
493450	98547	394903	244332	117909	112021	5888	32662
534584	161725	372859	247942	98684	95015	3669	26233
621227	268982	352245	241712	87995	83425	4570	22538
599988	325865	274123	192049	65733	61883	3850	16341
527949	335351	192598	138509	43288	43089	199	10801
468824	324476	144348	103503	33302	33752	-450	7543
356429	261591	94838	67638	22483	23699	-1216	4717
273556	209443	64113	45829	15692	17530	-1838	2592
231464	183190	48274	34439	11928	11559	369	1907
203345	164984	38361	28559	8654	7228	1426	1148
164700	131867	32833	25362	6832	5560	1272	639
105390	79075	26315	20523	5496	4095	1401	296
85668	57543	28125	21611	6067	3598	2469	447
5501398	2675514	2825884	2031822	618395	543065	75330	175667
426278	172861	253417	186223	52100	47893	4207	15094
435598	221382	214216	158378	42560	39420	3140	13278
421013	216503	204510	145944	40999	39583	1416	17567
391002	82498	308504	208116	75436	62364	13072	24952
402393	60035	342358	226836	88310	70420	17890	27212
437224	111491	325733	227626	75917	63344	12573	22190
491394	197293	294101	213280	63944	54601	9343	16877
497462	262175	235287	173648	49543	43633	5910	12096
455735	277746	177989	133775	36010	32173	3837	8204
387648	250062	137586	104374	27693	25421	2272	5519
282855	192652	90203	67209	19269	17839	1430	3725
210634	147551	63083	46994	12721	13651	-930	3368
175078	128699	46379	34474	9771	11047	-1276	2134
162922	125222	37700	29195	7055	8057	-1002	1450
142863	107980	34883	27523	6483	6356	127	877
98757	71068	27689	22294	4936	3819	1117	459
82542	50296	32246	25933	5648	3444	2204	665
1706931	1081045	625886	479065	138487	149241	-10754	8334
112588	57857	54731	41737	12424	11476	948	570
115042	71671	43371	33472	9448	9223	225	451
123645	76080	47565	35900	10804	10176	628	861
122075	41949	80126	62301	16072	23003	-6931	1753
112934	37209	75725	58354	15823	23493	-7670	1548
114667	52479	62188	47516	13942	15556	-1614	730
131321	75973	55348	41228	13469	12422	1047	651
142604	94935	47669	36463	10740	10318	422	466
141468	102203	39265	30260	8647	8167	480	358
128986	98164	30822	22902	7606	6564	1042	314
97989	77228	20761	14937	5694	4578	1116	130
86786	69463	17323	12945	4244	3760	484	134
76149	62561	13588	10254	3192	2806	386	142
72926	61546	11380	9257	2061	2203	-142	62
58593	48474	10119	8326	1764	1917	-153	29
37386	29975	7411	6035	1343	1679	-336	33
31772	23278	8494	7178	1214	1900	-686	102
5022073	2836232	2185841	1783204	338108	330826	7282	64529
379091	181234	197857	161496	31169	22960	8209	5192
403421	239431	163990	135343	25097	19392	5705	3550
402269	236217	166052	133248	26117	24538	1579	6687
361414	92826	268588	214671	41631	51710	-10079	12286
331871	60418	271453	217253	42500	50866	-8366	11700
370646	120133	250513	203207	39635	35520	4115	7671
438170	218831	219339	178195	36026	28309	7717	5118
444380	273339	171041	139921	27297	22671	4626	3823
397822	276112	121710	100761	18306	16836	1470	2643
332349	241688	90661	75101	14007	14068	-61	1553
251582	192614	58968	47939	9970	11306	-1336	1059
206390	160811	45579	37386	7307	9642	-2335	886
181716	145667	36049	30084	5395	7889	-2494	570
175304	143223	32081	27786	3769	5319	-1550	526
147508	116520	30988	27141	3470	3943	-473	377
104137	77592	26545	23420	2877	2820	57	248
94003	59576	34427	30252	3535	3037	498	640
462809	237506	225303	147232	72834	85361	-12527	5237
33117	13050	20067	13284	6307	6951	-644	476
38847	20659	18188	12267	5617	5968	-351	304
41063	21256	19807	13273	6085	7423	-1338	449
34119	6105	28014	18153	8882	13133	-4251	979
30123	4796	25327	15193	9282	11895	-2613	852
29501	8267	21234	13668	6981	8448	-1467	585
36438	16165	20273	13402	6336	7328	-992	535
43116	24146	18970	12694	5987	7020	-1033	289
40977	25565	15412	10522	4692	4997	-305	198
33360	22021	11339	7393	3713	3813	-100	233
24926	17444	7482	4606	2769	2599	170	107
19755	14171	5584	3245	2281	1855	426	58
15898	12380	3518	2270	1217	1355	-138	31
15339	12159	3180	2272	861	895	-34	47
11507	9047	2460	1734	688	686	2	38
7971	6005	1966	1438	520	558	-38	8
6752	4270	2482	1818	616	437	179	48
