0.009632317
0.013170135
0.034205843
0.012945809
0.013025341
0.027027389
0.003546301
0.016368194
0.021357244
0.023679567
0.008952492
0.02541515
0.008330205
0.009276717
0.005260191
0.00820075
0.009275919
0.005749522
0.003762821
0.010282098
0.005396446
0.006712619
0.011796383
0.010079092
0.008972863
0.012212814
0.008115707
0.052157419
0.010860683
0.008516601
0.018453317
0.005350037
0.019608525
0.000530977
0.004569932
0.009299362
0.018715842
0.003311786
0.004382567
0.014132561
0.00814859
0.015520818
0.020713787
0.026283655
0.007899484
0.01354653
0.019338713
0.000825872
0.009252076
0.008526629
