4025246
4016284
4056413
3836406
3764346
3698614
3670201
3657720
3573204
3765730
3961835
4253755
4201793
3993589
3968006
4020350
4181375
4554718
4597220
4600757
4634666
4695976
4760424
4549570
4623853
4494287
4394000
4330201
4112883
4037604
3922654
3777785
3732363
3586006
3669512
3613668
2795933
2818790
2816958
2852176
2524793
2370534
2293060
2222388
2170669
2055758
2046104
2024721
1866254
1901653
1878207
1898364
1885245
1796645
1809702
1741764
1698594
1650213
1549314
1455749
1426577
1303930
1203087
1074270
978112
879547
796463
724707
628856
549667
459577
396873
321406
