0.0008
0.0009
0.0009
0.0010
0.0009
0.0009
0.0009
0.0009
0.0009
0.0009
0.0009
0.0009
0.0010
0.0011
0.0011
0.0012
0.0013
0.0013
0.0014
0.0016
0.0017
0.0018
0.0020
0.0022
0.0023
0.0026
0.0027
0.0030
0.0033
0.0035
0.0038
0.0041
0.0044
0.0047
0.0050
0.0056
0.0062
0.0067
0.0072
0.0079
0.0088
0.0096
0.0104
0.0113
0.0124
0.0136
0.0148
0.0159
0.0178
0.0190
0.0207
0.0219
0.0242
0.0268
0.0290
0.0317
0.0342
0.0380
0.0418
0.0459
0.0496
0.0557
0.0612
0.0661
0.0750
0.0822
0.0909
0.1007
0.1131
0.1243
0.1384
0.1507
