  6.4426000e-003
  6.8504000e-003
  7.2582000e-003
  7.6660000e-003
  8.0738000e-003
  8.2602800e-003
  8.4467600e-003
  8.6332400e-003
  8.8197200e-003
  9.0062000e-003
  9.2594400e-003
  9.5126800e-003
  9.7659200e-003
  1.0019160e-002
  1.0272400e-002
  1.0569280e-002
  1.0866160e-002
  1.1163040e-002
  1.1459920e-002
  1.1756800e-002
  1.2139640e-002
  1.2522480e-002
  1.2905320e-002
  1.3288160e-002
  1.3671000e-002
  1.4117880e-002
  1.4564760e-002
  1.5011640e-002
  1.5458520e-002
  1.5905400e-002
  1.6859200e-002
  1.7813000e-002
  1.8766800e-002
  1.9720600e-002
  2.0674400e-002
  2.1836560e-002
  2.2998720e-002
  2.4160880e-002
  2.5323040e-002
  2.6485200e-002
  2.8626160e-002
  3.0767120e-002
  3.2908080e-002
  3.5049040e-002
  3.7190000e-002
  3.9799840e-002
  4.2409680e-002
  4.5019520e-002
  4.7629360e-002
  5.0239200e-002
  5.4193200e-002
  5.8147200e-002
  6.2101200e-002
  6.6055200e-002
  7.0009200e-002
  7.5162160e-002
  8.0315120e-002
  8.5468080e-002
  9.0621040e-002
  9.5774000e-002
  1.0092696e-001
  1.0607992e-001
  1.0000000e+000
